Dates: 003_20230505_171536, 007_20230522_123227, 
Final Means, 9 Counterfactuals
0 cf: 1.0284878815935783 
Static: 1.0203787565985287 
Move: 1.4500529108361913 
POI: 1.4160874700192412 
