Final Means, 9 CF, All cases
No cf: 1.0035399708833148, 0.03397355845547583 
Static: 1.0233589148617708, 0.029170185585352656 
Move: 1.445211061018249, 0.03591448763346593 
Task: 1.431218241896588, 0.02481932639672399 
